00111100000000010001000000000001
00110100001001000000000000010000
00111100000000010001000000000001
00110100001001010000000000100000
00111100000000010001000000000001
00110100001001100000000001100000
00001100000100000000000000001001
00100100000000100000000000001010
00000000000000000000000000001100
00100011101111011111111111100000
10101111101111110000000000000000
10101111101001000000000000000100
10101111101001010000000000001000
10101111101001100000000000001100
10001111101010000000000000001100
00000000000000000000000000000000
00111100000000010001000000000001
10001100001000010000000000000000
10101101000000010000000000000000
00000000000000000000000000000000
00100100000010000000000000000000
10101111101010000000000000010000
10001111101010000000000000010000
00100000000000010000000001000000
00010000001010000000000000001101
10001111101001000000000000000100
10001111101011010000000000001000
00000001101010000110000000100000
00000000000011000010100000100001
00100001000010100000000000000000
00000000000010100100100010000010
10001111101011010000000000001100
00000001101010010110000000100000
00000000000011000011000000100001
00100001000010000000000000010000
10101111101010000000000000010000
00001100000100000000000000101001
00001000000100000000000000010110
10001111101111110000000000000000
00100011101111010000000000100000
00000011111000000000000000001000
00000000000000000000000000000000
10001100100000010000000000000000
10001100101000100000000000000000
00000000001000100001100000100001
00110000011010010000000000000000
00000000000000000000000000000000
10001100110010000000000000000000
00000001000010010000100000101010
00010100001000000000000000000001
10101100110010010000000000000000
00000011111000000000000000001000
